0.5658497892232681 0.8215516325277172 0.4048858440383408 0.8170454643532019 0.3684445045699455 0.6010712298011199
0.273037477670224 0.3796946902111592 0.4375828440387225 0.8512142027601683 0.29787712896772167 0.9443377560371669
0.5973221243010253 0.2066365828543999 0.35719393924350573 0.40592678504567425 0.8262070337365872 0.11718899259402504
0.13236626535955998 0.17698368161548028 0.48459401908558675 0.9511174630869791 0.699644817684109 0.7445277954033063
0.41217324059786575 0.7021828256611391 0.35756999268281786 0.21643885311083588 0.7714756137818852 0.9749134464236607
0.8211741561081152 0.5978892559143653 0.6586439948163939 0.1916433937410411 0.15010121022778866 0.3099964400116382
0.7542429433903943 0.7297715874856567 0.8063603414914567 0.09347567550340141 0.15896103710031462 0.1628614927870099
0.10264322554562877 0.5240177869452282 0.3606926168008513 0.6268908660851835 0.6065116410086744 0.99813606696504
0.4373824543321789 0.56112442424233 0.7362818492199499 0.9551621391021535 0.7478766283801367 0.2292448148376437
0.10700753117170447 0.07961294533410779 0.7059723163958809 0.8142467968953812 0.6245215250109958 0.7636833718762993
0.001306496379608335 0.478170962728496 0.7700059124903689 0.34359686475303797 0.46536523624888915 0.5103322516635536
0.15615782276871482 0.6549867769874071 0.29110323473118693 0.5472074016815269 0.8670272317091047 0.04717756433373621
0.5271194364735032 0.019376858751943504 0.862597953106516 0.1805664499732701 0.3249627793832194 0.010952184222159045
0.23773819139104202 0.40788759015158693 0.5796359056640635 0.9416595018841838 0.6706348901934714 0.8674067636348867
0.36499728686706123 0.46350904941547355 0.5644291200175002 0.1526597243380029 0.2263734688756609 0.008236572298838118
0.18662161929414656 0.3376216026795996 0.06074465433850684 0.23177275525855434 0.22863635604756982 0.9750069289533131
0.3307515705390722 0.6927226193111039 0.9312752982405935 0.8030034038281642 0.5242747317077914 0.8835137858669261
0.014831497387240988 0.15516652176388346 0.5053518640846413 0.38287145299422864 0.2846656526759871 0.3512267303756791
0.09809072891767678 0.45757968126266924 0.7305019332142001 0.6086557172764339 0.7942063748737198 0.48979567731747453
0.6860671101257175 0.7431958186097188 0.6137553877614987 0.927930919072521 0.585849302556108 0.5781588181438105
0.06235677193111255 0.6343518404929936 0.10048119252996068 0.7108350856810136 0.06375843560036965 0.47358655561354723
0.8654484903080156 0.6358912835562054 0.21797559094573848 0.9656042962747777 0.5626680298515437 0.04800692038366483
0.1368497538123027 0.4005143783138694 0.9896703953113765 0.690412674292641 0.0881005503424801 0.45166343655191743
0.03479465980931096 0.3578717887788685 0.09201735401835831 0.636930968549228 0.33076858536403986 0.7231043581761664
0.2908696982886618 0.1496005173896705 0.5547224388258271 0.25246977928990544 0.9883557615735684 0.9894450767191847
0.9930905703713107 0.0224252837827964 0.9802640486578388 0.09930846274415839 0.5680627341140343 0.2057242445827261
0.40625943377645735 0.8826455863346334 0.805009586167883 0.6324901411312746 0.6685546479847725 0.2557421784151843
0.22768186805472945 0.4444237534130471 0.8508176474364535 0.6932459910310884 0.18664138999501234 0.9233814592064897
0.7841799323428442 0.2190802978940941 0.8729652212739168 0.5997880078039824 0.9647139885607651 0.9478249165897191
0.21516168879384745 0.5855462481658237 0.6858819075566185 0.29029283878473844 0.308952250481088 0.12254098173787109
0.4561429539346691 0.2882087847185285 0.2277884157980894 0.07736679911735111 0.6542563728483289 0.8887160285173479
0.681458674477052 0.8218797701055475 0.9922935110508946 0.7577871061270323 0.12231855856940299 0.09398017686236815
0.06649492800274925 0.18017048676885083 0.3028335878867243 0.059446205481864745 0.659196349246236 0.5729554315359362
0.636420957677174 0.8785714648039917 0.6497811882685659 0.016155752495426 0.08127353892062106 0.16099184854185333
0.8499226954379623 0.815197831786301 0.14443156009920077 0.5101507756196502 0.6161971966778057 0.5000506432386643
0.007740138952993525 0.752010167914352 0.24304426590234962 0.009048883597925994 0.8014161470388842 0.24303217872610328
0.2293339107643454 0.5789110826717435 0.8990231075006722 0.7773068976252745 0.3728448507277238 0.4470879858075667
0.6519082940146917 0.11046781944000117 0.1365767111151618 0.5896948081647595 0.5090099244558794 0.7782368979379931
0.17893123819755152 0.6060484511969976 0.4215983128576748 0.8302807154669487 0.21878383223155473 0.8666286694930505
0.45398256331473585 0.8008258099069614 0.2455755608198732 0.9359230676946712 0.4224177222905865 0.5503046639278777
0.6426322226376946 0.9881942878530862 0.42663030363467624 0.8703672861223506 0.402882096518535 0.6738365010149578
0.009436776034816297 0.4601432906815601 0.22423407831598796 0.09591610371040049 0.36877956771212905 0.6314810722519808
0.42355713300086784 0.1828856625524945 0.35200935019925417 0.8225578919752823 0.8679835470889354 0.10106406333804774
0.5022011487502351 0.0319811415695358 0.8788808674458695 0.7085063908941444 0.6929505585012339 0.026726583190460285
0.6247674096262413 0.9396184672680215 0.25469184994143257 0.7088772263610645 0.389902310609603 0.3647393229955008
0.7866495964289485 0.30351600318017413 0.5275454362852502 0.4149086092664417 0.25192867021923004 0.356754548138286
0.6086815285349234 0.42589653589017196 0.024549936977872444 0.23949194921160266 0.6597833281472957 0.2761750547253986
0.5129335266076656 0.5579916050559273 0.7578001112830185 0.6234728325432025 0.9471481134788167 0.17184970164729663
0.7586171461641662 0.6928188262748094 0.4220361665765634 0.10893896790475766 0.7344124505564756 0.8454433032547499
0.599794303098687 0.9789377899449054 0.7458077101540049 0.6573632920779958 0.3487134203182478 0.9800010862008086
0.11312780282019519 0.2241815429196038 0.18827005017730536 0.03819086171153685 0.38525146257761667 0.8497334403893474
0.4095593727180178 0.16805850573744652 0.7665644514284932 0.9096788084823614 0.5233408226407905 0.0943037646612156
0.6503031210084775 0.02071828028548517 0.5973761116199672 0.8472491495489811 0.37056025963244543 0.8378310762332044
0.44244164862588076 0.46663132141160923 0.06719190721361257 0.40293980498555204 0.6627080216671178 0.5368619493965835
0.6457022071149217 0.29720481185452174 0.8169255079044139 0.6909961353562631 0.18104594278879094 0.20429157247967
0.484578257584971 0.7268525361679415 0.7125451771251832 0.3408650386094414 0.4023192800851598 0.5351558345834128
0.669721338605912 0.013767866525193018 0.8907051176303818 0.4899434980874189 0.1581889685127008 0.2323353011434386
0.7889744292684571 0.9382235127232579 0.8943828599086936 0.2634477764311276 0.4807258633860252 0.4869210463474587
0.544670008192093 0.914312770331686 0.6779797581904611 0.5491381845770273 0.8968665632678114 0.27738159554445985
0.8494604586711204 0.40332645848335447 0.9266472915857968 0.23088944788032528 0.8837557883777977 0.9753278676611657
0.5433775030322885 0.22212097269333553 0.4658520687321521 0.13593712282955306 0.8293984531929828 0.5469866584255199
0.4862598043314946 0.644216533135516 0.37984487942503664 0.695504189038142 0.8750403104388867 0.32461729076987456
0.12080153351679745 0.37229405657957704 0.7275959808823723 0.8269601698216233 0.13532260340831948 0.4968221483200982
0.05863325514099205 0.3192692902606433 0.23056788863956124 0.887089185429438 0.13769303880439776 0.26606581993994993
0.3658146534587723 0.32299023009987904 0.523096652546433 0.016646886544648964 0.1300429539692316 0.015704663080770564
0.4544597594985851 0.20312219434755396 0.5377204520493808 0.2534915773569789 0.6200917293451914 0.19232286679426525
0.4374921130255185 0.40925329461133586 0.5439628931273375 0.49411402000459226 0.4923570542616196 0.49202458737152754
0.6698533630034 0.2618057264718955 0.26708222832135853 0.3859028469585096 0.6049168267713406 0.40576098269873295
0.9242199024124718 0.4029368944116095 0.25312196413901455 0.9924289937062493 0.8152961841207089 0.926957483709802
0.20069744067392514 0.1999968719744969 0.6230310547354759 0.1543636034770527 0.20944825298361724 0.29845970028243074
0.9619372765575916 0.7990901875008746 0.3684586379116569 0.36646977168421524 0.06009445657865431 0.6085703986983426
0.508581604194046 0.9438809891008222 0.39838774338703853 0.3645988081020094 0.03389759040693252 0.1787931696655256
0.6443055443946963 0.5393479208519083 0.7641054083416439 0.531787283422392 0.5926184757027071 0.6066819290677963
0.5937102897563747 0.6823637737359695 0.11207050016948439 0.8301670751633327 0.524517193485645 0.10830529065372174
0.4989325329151283 0.8065555486745367 0.6347806767181854 0.9391011797649353 0.2942219729769049 0.27340358945249654
0.19706149471098133 0.9970705979704626 0.6901390054320005 0.5980122273100372 0.7206952836171626 0.5505086187367146
0.46965593067522116 0.8525118880452276 0.7814319434547191 0.2883875909235287 0.9752178423003651 0.7391755554293682
0.13323922055334592 0.8368091893869573 0.4786841125685257 0.47833724964005553 0.6081951824317963 0.7413840692771297
0.13577126492631586 0.5028977264119403 0.5926789947378176 0.5073200653834612 0.18164349041600658 0.9625913685662378
0.9875497473262421 0.35221613249907546 0.6247481378368391 0.3968891893608898 0.011837965271230266 0.8545171729283854
0.6236776774130598 0.9719392406220274 0.3784162407336592 0.8654639276272436 0.16041465162189172 0.7789869228268955
0.7419731080097672 0.856719144690133 0.6589932706536434 0.8372412550432623 0.5792803737768133 0.736591554826965
0.002316262211713771 0.9792728618226806 0.18830297497094184 0.8889955752138207 0.4440000626340854 0.7745063058742725
0.48715126746571535 0.9247118474098046 0.7440746885148793 0.5562937393745016 0.7319271473216102 0.706525727323897
0.04587913688430523 0.6888344833763733 0.21786627606674736 0.6660486336388974 0.04125527996212541 0.15411064160557475
0.01810192800310495 0.29155691267337847 0.377283579819911 0.7980997516934953 0.7069320673197776 0.59360541902198
0.4330807796778874 0.20823433300986938 0.5012851931496367 0.09216813453877148 0.5469402051722635 0.6873713702809094
0.8397857799301907 0.32627342940803916 0.6609645716409943 0.34959713060963327 0.6240703074183005 0.6971886988403719
0.13830106440601297 0.35562148561163276 0.9669690418977089 0.6547834236264872 0.7862825826769837 0.12410629829681019
0.7656636592536538 0.2977791399042884 0.59309104389229 0.2242800628004279 0.5117721137909653 0.25176008079936474
0.09891219656430505 0.14369232433600165 0.8095394571914188 0.7859711845920676 0.9134286335876826 0.6119765320350956
0.6751872625485674 0.8072675597724105 0.3259117690236556 0.7336883372148748 0.6555453480418394 0.7752134103783709
0.27845142708447224 0.4138624319954326 0.05662505299253262 0.9301056143839916 0.9267168905993421 0.24369587940622872
0.5265400315803975 0.13722860600716136 0.14702844817923955 0.29916238149662344 0.3006250250038679 0.8367130194223236
0.4038001690992834 0.8419916799081602 0.3364438511693765 0.9272529020408157 0.024745197840487343 0.6331182568366095
0.8406588850756387 0.40470569918215393 0.32032064376801395 0.8431692674599712 0.4387043235602337 0.7708168747429383
0.06990784378943415 0.4716919141520286 0.543734876610008 0.27610117009626867 0.5140051457862234 0.9903419165209236
0.8297039768839656 0.8119333919235608 0.18120819947744382 0.09923809244600534 0.44823017883535676 0.8987859998222906
0.2987782264984329 0.1573568931246222 0.36468298303130364 0.9380278764511365 0.5313792508416602 0.18270803090644572
0.33061975536377763 0.4623171434196168 0.2465503491850526 0.458245957118277 0.03007338918721869 0.3293157853502341
0.021821087577570064 0.4973398054635727 0.652617638020751 0.2557481206251717 0.06517098143207056 0.1175089564541244
0.8131093790246546 0.3747498799771404 0.26242372927355084 0.6830696046402696 0.15393080091506983 0.2244857040584759
0.1882284826479963 0.6285465410150078 0.2325752844665414 0.8165406739300094 0.06275240153871531 0.27030573250182865
0.582281769195082 0.5096618360097454 0.7891371849749401 0.5880894117599414 0.8695640737064625 0.2319303178816675
0.06969234369167032 0.1209509129355919 0.6176155624579647 0.1828588951937291 0.33655813302176796 0.5624145996730657
0.9307119187095658 0.4833315050650274 0.854793294157914 0.587455165446999 0.6707387003864773 0.05466925586170568
0.5396261139451888 0.19775864642106245 0.7238958351321305 0.8531613762442275 0.7379882147187015 0.8861420578072445
0.14521840482781434 0.6113342129856081 0.4088570888391312 0.46951793009191634 0.19309381384038604 0.41213493209519814
0.1361046249607465 0.5627144359128978 0.6268988281106956 0.054696721671584125 0.32231666663075265 0.5262089459697878
0.09611523969654534 0.4808938753733065 0.5529225824986977 0.19147616307289184 0.32220599327807053 0.148258885545985
0.539637812556316 0.3265518695506445 0.5652606354831223 0.4891666383435872 0.9745104789609383 0.491320325064169
0.330442307928692 0.1954832297894441 0.589316614635476 0.7840704707211764 0.8894298098574017 0.2562106956221899
0.672779653258132 0.12179167434841542 0.7310566268401343 0.8556704848219728 0.25361973781201885 0.23162293866796257
0.33294831159897653 0.5622263652232481 0.012765961349468724 0.8460318541374545 0.34879931358283045 0.3248816727027496
0.34816015832807157 0.9514188827835542 0.9695742226502363 0.7866208301752853 0.495603801646222 0.5210872400936533
0.8809699291113755 0.7616898082428347 0.04730461217369164 0.2125829226850311 0.24190275250628612 0.17529140619292727
0.7216929479483998 0.44071398757927627 0.7488803303483099 0.9687193243646464 0.5151532358114391 0.335319330273942
0.4109737354027192 0.06203174693269842 0.6097340356753013 0.2543218343064334 0.5126340077189382 0.29954851690377504
0.9293422948806076 0.24858692335507626 0.791007538912764 0.8968731060592798 0.29533255373188505 0.7359452136375857
0.96256892058067 0.42474099582777836 0.48923945150697656 0.45779235450130185 0.5706225416377048 0.27830677192632536
0.8405876108862502 0.1964007241115211 0.48006330839387945 0.24742237793922772 0.5217360424645173 0.7177949142078668
0.996754846100416 0.43952895241318013 0.6077868798853623 0.9277210707948774 0.26015622271650196 0.7687076528813611
0.8986333509833616 0.014581001089369439 0.4312957802003402 0.23790740834976376 0.5273932161677473 0.28062576978790976
0.5970382742635988 0.13766438526599123 0.9651547854180854 0.733005249533358 0.46673166530447596 0.043365889199718066
0.16848712792308262 0.9047812438498152 0.550604973474377 0.20064822605993127 0.997774567240913 0.7272940260840479
0.6686078704474911 0.8605756929318898 0.4666992109880992 0.5601200699607142 0.5726719664694762 0.1918833552404604
0.08024242974875073 0.9327598972552845 0.12041762724046612 0.5509254753660776 0.5407806913378556 0.7588974753740823
0.2539179236897844 0.3295545872983443 0.21649671044213226 0.07578730962916036 0.57584369901722 0.3074352586175463