0.9566350631797053 0.12304199887223344 0.18987133545514423 0.5865952691929065 0.5026868598746267 0.29469636449743264
0.8352795900061785 0.3066694981056083 0.564417976757577 0.6795025244727199 0.08238712379385427 0.9939825214825524
0.5557916469905424 0.14840273954683225 0.6978105099305593 0.363530515122681 0.666049872256954 0.7297614766365496
0.27459952806737953 0.05694634435429513 0.09650354908766778 0.9519262890338988 0.39288498427976726 0.4638221281156697
0.7271619953286008 0.35665461851646185 0.7617495849188806 0.6589216077458754 0.6147227893303149 0.9078796299169181
0.9161777942994683 0.6211463724331293 0.31411789489766906 0.15012424291473325 0.8452756039573301 0.8395691039682802
0.9592197042362508 0.12638133018029007 0.0628310286921605 0.05544801442446867 0.3255947379663128 0.9222288363970472
0.7934235338696486 0.2969333439176197 0.11371094762827139 0.4460671394999264 0.7648920291573389 0.8538421459607285
0.601040824115777 0.9723444135023875 0.11180614067977424 0.832950900137181 0.007110660631553523 0.18785450058052777
0.7007899116705103 0.11192115037675432 0.47217832204665977 0.9609839505510762 0.021237125617530883 0.8392864543005126
0.18834574850241736 0.5644265790734061 0.4062255314440334 0.9016174766493907 0.22809784542556244 0.25711924289723354
0.8719879954492163 0.24244038203828022 0.6461368417023988 0.18525437120900445 0.19900162739155214 0.7575063649847043
0.8343840211115419 0.13838500453051084 0.6012913122935454 0.014833667216417878 0.7449922639647014 0.17787282482078204
0.2333927412431508 0.14880061405401346 0.7103134300387792 0.19409291120629957 0.9494954515760178 0.4734157107560524
0.9970695102213353 0.5277398995477247 0.03956543079462049 0.5116580219964707 0.5241443046629103 0.07452472443397162
0.6244259482684569 0.006876532998482343 0.7235781376944673 0.8975484254950712 0.6797841914597916 0.7333986526943491
0.1502650860916649 0.7776232031497428 0.3872892248290618 0.5643350115599175 0.8054940937198238 0.38969120175943006
4.126037810892047e-05 0.0715716804146731 0.4579086645148934 0.800921195192813 0.7928589937738674 0.8482326166705428
0.5059400240187748 0.6149241390013284 0.20613218421087054 0.3771661133123535 0.04158090772391376 0.9517748619734918
0.29720391429080417 0.4827069979263301 0.1837515894302053 0.42038656691238296 0.9269948252560941 0.8233425921990579
0.6820528852796037 0.9847577196049753 0.06943360212580252 0.5842965333320488 0.9967984918914622 0.2309017654653861
0.5073694651172151 0.7803807562669515 0.523542454222167 0.5876757540020918 0.562024600883203 0.3149118685087461
0.5434513783696997 0.7075712988530697 0.7461668504557275 0.9828105223747878 0.5266923184455788 0.8613656296044337
0.06397738711128553 0.7591149537331161 0.745055990230793 0.3798689764533234 0.4712565777301919 0.42697221053740875
0.5440682664707276 0.06962579992581897 0.14479478068154084 0.19895168713475786 0.5158652879008061 0.561382161809336
0.44437037332818663 0.14443064105329795 0.030825042454087348 0.1985764413643475 0.6276395491195628 0.7668807572547622
0.17359918062022806 0.8894776731377491 0.9858125232616413 0.6520897418396812 0.4338318103017622 0.037278903195798296
0.8413707577244102 0.18061065877729265 0.3747034302169192 0.4758783738625446 0.8171810766597458 0.8938932927301642
0.5464373038776992 0.6238650549825581 0.13676729131473386 0.030141721602847116 0.8674697137769162 0.15668593258679575
0.9236773484249214 0.21084161155207803 0.15279183510065253 0.9766902224054511 0.16983827959319686 0.2884288408247222
0.061673294101135534 0.6302024055315988 0.33334276535024476 0.446198650981085 0.8788210354204303 0.8981164455335433
0.8853734567774479 0.30883228517487404 0.1796163934916516 0.21497785203645015 0.5737030934565157 0.7553934358567247
0.6860771225417286 0.255683902238783 0.8506109759980753 0.6294277804988002 0.34208516162951885 0.9350264217102566
0.4698389529841164 0.9000600833672331 0.736082220869932 0.5727603800485794 0.11608530014127538 0.3443606490471903
0.023804387794769344 0.10327421982788954 0.7489366790454961 0.6075482369652923 0.7030143589814476 0.3738017588934871
0.2964927771764426 0.8068733286421513 0.5091067949423183 0.7768272608886941 0.3201442304158465 0.2881931009765971
0.43764440932476 0.44776138805489163 0.4972299971301297 0.4699362105310172 0.5579223687869701 0.07167627651974473
0.971784610720436 0.16044427723860355 0.9341589338501014 0.3676972450952807 0.6796173007443522 0.9791805077262214
0.01998112756862347 0.6209118198566079 0.5453479687921061 0.8288451377288191 0.45136361134258796 0.6516981962729108
0.941798970698049 0.16460861915474434 0.3076343742758526 0.8858182791512039 0.26474169047300244 0.7183818221873379
0.844751359256229 0.5710403830469909 0.2652069805833256 0.28695355844047155 0.8867553606889854 0.2968276212183596
0.054002796356709126 0.8040821919844057 0.49350930050215625 0.15076800456664907 0.6373981559939405 0.7565313033302599
0.9900011533261842 0.39160562421840583 0.9840859401795368 0.2528335142314202 0.5378377353297701 0.8717705425278435
0.4396552695370288 0.05410901420769332 0.7216336092923906 0.5803499008562228 0.8906579797954572 0.9441470814723769
0.3829752217343575 0.0449781644170838 0.4103744669967283 0.7101234500420717 0.732010270738889 0.9605304699680409
0.14130476072837594 0.003149848163466862 0.28923854126250326 0.4547085444284732 0.340454610132061 0.576289077519418
0.36178029866479344 0.7654096930906918 0.862679197439624 0.27063446948276104 0.05974442436279492 0.2605833450490104
0.3380136806990184 0.5036308501319723 0.2909677248880441 0.8019329456334043 0.7942102816525737 0.5381431154961221
0.5297559874706138 0.8695053816731058 0.13999272929148 0.8241674171344062 0.27400326329870206 0.0649488706038881
0.3794769467922179 0.19587710312084827 0.1288994559819594 0.11121660231213248 0.6293172120320413 0.5465097093620654
0.7726497156794104 0.833177081589854 0.9281996346088885 0.7162708664170683 0.9879519927485251 0.9486344741392158
0.8079334727118038 0.8622711128408992 0.3834400986913057 0.8434684969353269 0.13896161986582856 0.3775253824970206
0.7557134947877505 0.7919508649643675 0.009125032153854962 0.118857021083699 0.06816391694444335 0.6087082794000538
0.8522183157948033 0.841686333849409 0.04368002127464743 0.40204532501984735 0.785398570136814 0.05854900630575943
0.2585534504739734 0.8852227085944196 0.858477002588754 0.6032105570700431 0.8053964773433107 0.024221850150812796
0.6509700388522358 0.3227903474447311 0.22294002447119965 0.887478045220366 0.3600647050085952 0.7275985652232951
0.020859928468014544 0.5386181265362665 0.18321128951729038 0.9268067641696085 0.11483476438581885 0.2548641436202319
0.8688788590192463 0.9119440556928898 0.5468369573695516 0.9221920206188025 0.21478801498824474 0.3849028363195476
0.16411790292595196 0.2792161477418186 0.3384076724628381 0.4298398585032933 0.9158685294521572 0.4922144448442256
0.3337510388069935 0.3818569596761022 0.18386993311098943 0.521639669249843 0.9167017705197414 0.4962484057150862
0.21956625683499698 0.10183566415492917 0.9243945397862892 0.5136846014740777 0.16362720085623095 0.2286703701895042
0.3468421178539528 0.998998989744579 0.5105124532004748 0.7862352217567267 0.6673464943014119 0.0010619956824600152
0.5536801170106962 0.9808569581495022 0.9283921108295784 0.0018055226546926928 0.5080785559746935 0.6045247901028338
0.710456389641142 0.9731336564562845 0.9817414641223096 0.8688460952121618 0.6098898174399111 0.24911654011648476
0.40087270215204374 0.5613050078754556 0.8051238970690807 0.035718594568529216 0.5492294247305518 0.5315694221809811
0.8803657800210316 0.5775846163821571 0.2685593982436616 0.5724888136022072 0.18911922844949047 0.5035007051036795
0.2946108049783621 0.19644676687650997 0.9154737005083247 0.3999021864058404 0.48944522581495853 0.9717412150520404
0.2539213815641572 0.25431664135821597 0.6781946148414146 0.7786228901026891 0.9407458247531214 0.0944778398597319
0.5775745698365025 0.48893294075616933 0.8539590952000928 0.7903733190114247 0.28230225712513923 0.254132854094244
0.7457464816860817 0.5230208759414637 0.2803097701226852 0.8084843879095125 0.27909127215595786 0.4448131623170971
0.5715362016755711 0.7031935226334805 0.4009953341159104 0.5394790281227296 0.011332353654931238 0.05465473071760729
0.42565333977467046 0.2988262699702259 0.15409170719233967 0.7845910182484547 0.0814697059833881 0.11118288250827868
0.5681226635876868 0.16779610092390485 0.1317635529912291 0.12725291026729713 0.1630810149200771 0.8050354428100348
0.8220005393517122 0.530434721192155 0.7453390972383714 0.26087559396725324 0.19914792958267769 0.06556518651397802
0.36134759266469907 0.6457484200015648 0.8313916165431504 0.7922905573102647 0.9612174573808344 0.7046163064446157
0.12975363788755934 0.8692709467558251 0.6930636937009975 0.07802342143867402 0.8275365189767815 0.40085266708081546
0.45054939201985855 0.22421234885395602 0.22703202983533532 0.9676140306626657 0.6234068934612963 0.6717307767059991
0.8479494637297648 0.3151299599823453 0.8238331624334447 0.8355237536039972 0.9806345836106406 0.5646503888364427
0.5904359198551064 0.320389333539988 0.8884924937032141 0.9805204373130996 0.15352048380945382 0.6438761032070655
0.4255740624684017 0.4558300777946577 0.7601876694679414 0.8498121796745265 0.7134048018491934 0.7124440940157118
0.4368848157786249 0.8386392020508272 0.06194624202869514 0.017221704345922295 0.02109451122980266 0.9723446316820207
0.870659086642548 0.9888317090215523 0.5308664099542746 0.7887226572934968 0.9642613351771729 0.23097660351175087
0.6050305730424977 0.006052231334512714 0.26558573475041924 0.630001607332636 0.2757284617517496 0.8980771811294342
0.9089097466384524 0.4996545216629076 0.6857370006435135 0.044695417684883276 0.20160764806545484 0.5085030416019375
0.7916018473438092 0.9151103249780032 0.560307354090604 0.9152268103677891 0.6652722343312466 0.6409801655282115
0.4945010111482848 0.9054449953724749 0.4149168113087599 0.9605354105265225 0.259986126337011 0.899966786818505
0.4117637780621486 0.24724867657283567 0.9306091484024592 0.9339812819038622 0.82316880449647 0.6960448543661774
0.7145906838149657 0.13058381032481048 0.30777071843880477 0.2621533275281981 0.06922797845969919 0.3664465640266058
0.9330245647340778 0.0805127700245567 0.8665358422486579 0.19844614657322568 0.07827089121063013 0.7366671179269854
0.6901602616314781 0.03167570493956806 0.19442645112367163 0.24501721232247564 0.8039612083408625 0.6011085068050711
0.972077709697496 0.8066057787094282 0.381995948202839 0.14185006607073702 0.5603883487815926 0.28896539472616045
0.4259658788052205 0.8657880544248517 0.873387910916552 0.11037931837514203 0.25225184119065347 0.1676812830539517
0.02714427822454446 0.5849725562893586 0.30260121331640144 0.7921114233204648 0.04213025607124343 0.06230378129390901
0.48844800103036323 0.9679529109328169 0.5385296701736885 0.9795640811420434 0.037466572332617964 0.4446337166426858
0.10538512996493288 0.9798622409627834 0.8864277138784854 0.49886422160681 0.004385186309176392 0.2341575703425306
0.7587206766677841 0.029902428907832013 0.7540604264275331 0.7667263288700925 0.5976677100888025 0.6383558030088966
0.8786448740113775 0.6001206086932394 0.5151745871485325 0.7726648594142782 0.037932467323542385 0.5175737148622392
0.8249071625646588 0.3000030629970528 0.3417359846644409 0.2218107682144299 0.020416492778986495 0.8011237966809613
0.37143369569615836 0.7876013458260096 0.6054787688427465 0.6958984723165702 0.8113759655521126 0.7896600227645606
0.26551120826555863 0.13536899017221182 0.5991263467688411 0.9764394583168801 0.04872567551316964 0.718555772681398
0.9767785000111415 0.6170884644754323 0.541175535040251 0.5206787649529206 0.20562777641280505 0.019357762709981352
0.6080506591074296 0.09947147580356497 0.6084735284206182 0.264823536622513 0.7547104530234615 0.3543418251098892
0.23745363469764513 0.9333811653107648 0.584619547542163 0.395077188899707 0.6450767615542529 0.2635379151994015
0.598165128987017 0.3672245811864411 0.7850413935518935 0.06344101672865488 0.17389784786411866 0.16827452938077425
0.4241751663098058 0.4342353213668477 0.02818940563895922 0.03959429277982096 0.2532455961181693 0.08217688742650742
0.5634647574246167 0.4675175392693114 0.2479912455401444 0.6681359873917196 0.3350071513673676 0.842100924678069
0.030498758025396255 0.9721858228321364 0.9654523114499112 0.2140649892748625 0.9190767468006599 0.4707803426786078
0.6559366314307907 0.37441079568420343 0.49564738645842044 0.14858734786298833 0.0969784298694365 0.41253038887067395
0.6934663547556924 0.5393232792989302 0.6947106655306939 0.5594420833716924 0.9017566741802634 0.21564040057252754
0.26870298518976676 0.76457457686922 0.41115794515114246 0.06444622028493541 0.158533136903523 0.4289944651374463
0.18369692800160575 0.43025566494758494 0.22335571040669655 0.5555163095132954 0.3880674985684409 0.7511872281025282
0.8989556614346087 0.5217300733632225 0.02716257380575915 0.5834701075937101 0.6533402751057722 0.6758514935610765
0.6730725267623215 0.7970393071932668 0.5995653827179988 0.2620260472176775 0.7360248841989128 0.8967179753056682
0.7601349572441553 0.5077692760912499 0.5259804613138048 0.9037558763527878 0.5663897097676136 0.9654579546156798
0.9810801825666965 0.9338056822148235 0.9890825427890441 0.07652726347569105 0.14425741911243573 0.7971764627106369
0.722675708852486 0.5862720593372646 0.5745014017383584 0.645509909703602 0.1805210509307955 0.7815552775452879
0.07895438832962032 0.4026267641096065 0.1725054156070167 0.5371554822374164 0.650452453721479 0.5337710580564258
0.1604449766016608 0.133420182558599 0.2095967837417375 0.8772464113896763 0.8634509951519371 0.9235830880727273
0.09932000872813751 0.3268858771241776 0.4755194213967133 0.7405321473377262 0.6370776563931493 0.8313984817372002
0.7576059888097723 0.5977214724590875 0.6692474436184301 0.9777989078156514 0.7769571662585002 0.4684569995610788
0.3136655225165831 0.7514818287352732 0.8098685252788386 0.39442872205441637 0.46171409562407195 0.5962866674719112
0.8158886073215317 0.5234688255806755 0.6833655506582866 0.558651383861934 0.883490667777501 0.20790482569240587
0.33445737526793995 0.4146525475006717 0.6506002835845935 0.9082267877746913 0.6829794923359491 0.7101421194268832
0.9343115090921038 0.09818149364435302 0.8062131892448132 0.31714652243004027 0.37948979936247584 0.6049038489859667
0.39309507035158997 0.6306134669370888 0.21970393875637295 0.662024153984391 0.9956315955277731 0.06348005314242533
0.5133757900827498 0.6952603468835926 0.3139164812211437 0.1332249257825725 0.2576734689575061 0.27362014779253474
0.752008041524176 0.3806502109870048 0.9063977398115785 0.2548950712089104 0.3781489918021276 0.6784691329543447
0.7410181784946461 0.45747811657491344 0.9699454430013159 0.17696936825566456 0.0795906047045305 0.446863521328385